-------------------------tcas
13.0
22.0
8.0
6.0
19.0
6.0
26.0
9.0
9.0
12.0
18.0
12.0
13.0
12.0
6.0
6.0
5.0
13.0
12.0
6.0
4238.0
1247.0
6149.0
288.0
372.0
6277.0
6282.0
713.0
14.0
27.0
24.0
15.0
33.0
16.0
6.0
24.0
23.0
16.0
224.0
38.0
197.0
241.0
214.0
238.0
30.0
208.0
223.0
235.0
29.0
7.0
8.0
8.0
14.0
4.0
3.0
7.0
7.0
9.0
3.0
33.0
15.0
8.0
9.0
10.0
5.0
8.0
12.0
4.0
13.0
9.0
15.0
9.0
9.0
8.0
12.0
16.0
16.0
10.0
5.0
8.0
8.0
8.0
4.0
13.0
14.0
8.0
7.0
15.0
9.0
5.0
3.0
8.0
7.0
5.0
5.0
7.0
7.0
7.0
8.0
7.0
10.0
18.0
16.0
10.0
8.0
8.0
7.0
16.0
4.0
20.0
26.0
15.0
28.0
14.0
27.0
29.0
17.0
25.0
19.0
10.0
7.0
10.0
20.0
10.0
10.0
10.0
9.0
10.0
10.0
33.0
31.0
32.0
31.0
16.0
16.0
13.0
24.0
24.0
41.0
397.0
30.0
537.0
16.0
14.0
98.0
56.0
12.0
11.0
14.0
15.0
527.0
17.0
20.0
6.0
15.0
28.0
10.0
10.0
13.0
9.0
6.0
10.0
11.0
20.0
9.0
9.0
25.0
12.0
18.0
11.0
13.0
13.0
25.0
6.0
10.0
173.0
179.0
160.0
172.0
172.0
178.0
10.0
188.0
15.0
42.0
27.0
17.0
26.0
21.0
12.0
86.0
19.0
18.0
5.0
11.0
14.0
7.0
7.0
7.0
7.0
12.0
12.0
12.0
11.0
5.0
5.0
5.0
9.0
11.0
5.0
11.0
8.0
9.0
8.0
12.0
8.0
13.0
10.0
10.0
11.0
10.0
10.0
12.0
8.0
5.0
9.0
5.0
5.0
6.0
5.0
10.0
8.0
8.0
555.0
21.0
21.0
122.0
11.0
17.0
14.0
37.0
19.0
8.0
25.0
12.0
12.0
13.0
12.0
13.0
12.0
12.0
16.0
15.0
12.0
10.0
7.0
4.0
7.0
16.0
3.0
11.0
7.0
10.0
9.0
7.0
11.0
7.0
3.0
11.0
3.0
9.0
3.0
5.0
11.0
-------------------------pt2
33.0
20.0
16.0
32.0
128.0
40.0
50.0
25.0
21.0
13.0
19.0
8.0
9.0
8.0
9.0
26.0
22.0
9.0
13.0
8.0
237.0
13.0
11.0
10.0
7.0
192.0
5.0
198.0
172.0
172.0
16.0
32.0
10.0
37.0
29.0
43.0
-------------------------schedule
9.0
342.0
12.0
17.0
326.0
283.0
21.0
14.0
24.0
15.0
132.0
12.0
11.0
18.0
15.0
680.0
18.0
13.0
115.0
12.0
7.0
7.0
10.0
3.0
3.0
3.0
136.0
9.0
13.0
18.0
700.0
23.0
8.0
11.0
10.0
207.0
-------------------------schedule2
12.0
19.0
12.0
22.0
19.0
15.0
13.0
7.0
9.0
28.0
-------------------------replace
5.0
5.0
27.0
11.0
24.0
21.0
21.0
69.600
31.0
58.0
22.0
31.0
59.0
39.0
13.0
11.0
18.0
22.0
24.0
21.0
23.0
