-------------------------tcas
11.208
13.508
9.521
16.151
11.293
68.022
4.617
7.739
8.073
4.619
81.267
8.939
16.847
53.651
15.081
99.329
10.795
9.588
8.422
7.091
8.555
4.864
55.342
7.802
16.277
7.297
14.468
8.535
5.307
9.711
-------------------------pt2

23.973
66.505
-------------------------schedule

124.651
-------------------------schedule2

-------------------------replace

238.847
308.943
43.124
247.135
215.876
28.511
123.452
21.143
186.77
229.796
250.213
160.479
340.598
325.336
201.749
83.045
