-------------------------tcas
0.475
0.884
0.554
0.466
1.275
0.471
0.503
0.886
0.519
0.475
1.173
0.502
0.995
0.514
0.629
0.491
0.459
0.517
0.921
0.684
1.032
0.731
1.284
0.638
0.617
1.054
1.372
1.246
1.408
0.681
3.435
4.883
3.397
2.155
4.158
3.828
3.765
4.069
2.911
5.234
0.497
0.653
0.645
0.482
1.09
0.564
0.48
0.514
0.861
0.749
0.977
0.925
0.919
1.121
0.904
0.946
1.155
1.11
1.082
1.116
0.975
813.999
101.616
2.32
0.436
0.357
0.504
0.415
0.367
0.357
0.839
0.427
0.446
0.803
0.517
0.495
0.568
0.423
0.541
1.012
0.5
0.415
0.694
0.474
0.781
0.492
0.57
0.445
0.525
0.576
0.594
0.416
0.486
0.469
0.376
0.363
0.37
0.37
0.451
0.46
0.358
0.523
0.387
1.366
0.676
4.188
1.944
2.163
2.325
3.773
5.657
2.456
1.717
0.664
0.532
0.435
0.386
0.574
0.379
0.432
0.363
0.768
0.381
0.731
0.888
0.805
0.954
0.794
1.024
0.627
0.945
0.634
0.695
0.524
0.547
0.56
0.522
0.701
0.523
0.517
0.529
0.515
0.915
1.062
0.794
0.948
0.813
0.424
0.545
0.519
0.645
0.409
1.504
0.472
0.497
1.219
0.486
11.965
665.189
13.769
0.872
1.332
1.191
0.784
1.459
0.948
0.951
2.344
1.509
0.777
0.807
2.229
4.481
2.095
0.454
2.339
5.119
0.441
46.523
1.616
1.275
0.477
0.538
0.753
0.483

0.984
1.078
1.283
0.627
1.076
0.68
1.022
1.117
0.567
0.945
1.017
0.628
0.631
0.647
1.052
0.773
0.468
0.48
12.975
0.807
0.871
0.405
1.243
0.753
2.59
3.982
4.772
3.463
10.849
12.845
18.571
17.511
0.796
12.016
0.956
1.059
1.283
2.764
3.672
1.999
0.831
10.676
0.75
4.639
0.976
0.481
0.829
1.294
0.601
0.532
0.765
1.271
1.264
1.049
0.431
0.631
0.586
0.786
0.772
0.776
0.456
0.445
0.359
1.043
0.442
0.424
0.439
0.631
0.505
0.432
0.417
0.652
0.425
2.299
1.609
0.924
0.587
1.231
0.726
3.497
1.965
0.43
3.655
0.775
0.521
0.431
0.43
0.426
0.416
0.476
0.98
0.668
0.76
27.301
1.33
314.926
0.854
10.179
0.771
1.489
1.063
0.913
0.593
0.609
0.607
0.594
0.417
0.407
0.596
0.752
0.818
0.408
0.551
0.575
0.491
0.442
0.567
0.545
0.578
0.606
0.979
0.734
0.861
0.735
0.391
0.474
0.841
0.403
0.37
0.751
0.621
0.463
0.368
0.528
0.354
-------------------------pt2
64.057
61.509
212.179
179.568
123.961
32.031
43.846
35.286
172.507
171.832
87.598
55.514
27.312
3.177
2.785
27.185
4.154
92.085
7.305
16.452
16.593
5.964
40.474
1.607
38.184
53.181
0.639
39.231
12.459
2.85
-------------------------schedule
-------------------------schedule2
-------------------------replace
32.328
162.382
530.459
2.971
17.388
38.897
11800.409
112.93
176.74701
51.284
15.837
14.315
57.18
2706.063
91.846
4.565
215.692
46.753
26.26
146.548
2953.878
87.704
69.915
4489.33
26.031
211.978
78.886
81.64
28.586
110.754
44.151
217.383
34.633
45.213
54.236
47.749
151.452
2.265
33.071
46.089
17.859
6.929
12.855
244.642
97.623
18.606
356.161
55.539
1.345
24.806
14.93
1.387
29.134
4.697
39.742
