-------------------------tcas
10.9857
2.18744
10.474
1.58325
32.4722
52.3535
7.62932
18.9767
28.5235
131.825
3.29405
145.057
370.367
191.614
53.3701
133.776
11.9095
23.8957
12.628
22.1142
27.3015
6.60101
4.90233
1.09847
46.1477
3.22303
3.52487
34.5082
1.12721
24.0298
3.12281
2.77149
9.13206
15.873
85.814
8.35953
2.77196
8.82263
1.03263
35.5383
5.4573
4.9148
34.9087
1.3201
29.5175
9.40435
1.78527
166.817
68.5776
120.578
40.2202
8.01995
8.82604
171.477
-------------------------replace
745.581
683.788
144.366
31.3713
2051.03
13.6469
5.02265
5.50564
19.4167
13.2298
61.0884
9.01575
4.22031
5.91931
6.32314
57.0643
5.75514
123.21
9.71267
9.86569
1.98671
139.988
7.04489
42.404
29.8094
-------------------------pt2
2708.13
1430.22
85.0072
148.021
479.106
278.106
414.138
8.88089
75.109
51.245
216.941
9.63361
81.2405
261.233
21.4344
34.8933
154.598
