-------------------------tcas
60.4458
6.199
5.62667
106.51
41.7709
133.743
57.3137
83.9985
61.1742
57.0456
30.4538
56.2515
62.3255
46.2105
2.84434
2.40232
17.7641
5.69035
6.34552
2.27225
3.37492
6.40224
2.26046
15.7723
4.06286
26.168
122.286
55.9725
43.4378
40.4076
68.1769
191.08
11.4285
94.7025
3.23409
109.303
35.3703
79.0163
141.279
28.3168
68.7891
10.453
25.7356
51.7096
36.7741
44.4976
18.87
63.0345
23.7834
96.6074
23.457
30.5488
27.7188
4.94645
17.1871
35.6886
5.77096
5.73684
63.4939
26.2564
17.1882
19.866
29.091
1.84979
18.0114
2.40306
6.23769
3.33264
5.07394
2.64321
28.2745
3.79328
2.17181
5.64444
2.00351
3.92764
3.31809
10.4868
3.76462
1.77921
4.85835
2.59587
2.12648
2.03157
4.22496
115.347
3.00712
81.7584
27.618
-------------------------replace
23.1438
26.4771
88.9486
72.024
443.011
109.152
7.04684
2.91227
33.3349
3.21742
14.2913
71.6298
100.452
37.5115
6.56007
33.4981
96.9373
1120.37
3760.66
2712.87
926.185
21.5682
321.756
18.1517
27.698
1793.74
26.3012
127.404
77.4157
25.5356
29.2018
58.2188
958.609
38.975
146.603
414.336
45.3149
242.317
722.199
43.5587
593.852
40.1487
10.9914
11.3952
71.6196
3.04964
19.3802
105.283
5.24729
50.4474
97.9433
143.307
120.668
389.948
19.0869
45.5385
6.63966
5.97824
153.883
64.9826
15.332
305.924
301.862
925.194
73.3516
15.9195
192.485
20.7614
58.4997
37.4452
5.00505
59.9902
65.1634
47.0318
36.9046
3.49352
211.246
41.2364
46.6205
253.475
148.365
38.6667
138.753
-------------------------pt2
9.52112
48.4649
9.40981
52.6992
228.679
28.1345
348.312
26.528
51.6166
102.204
96.2857
408.472
282.187
8.4446
86.0183
220.536
40.65
101.62
8.29215
159.541
-------------------------schedule
274.44
352.482
2.72126
18.9244
2.62738
37.0824
3.03779
2.40926
2.87941
2.50694
-------------------------schedule2
3.88613
6.49964
20.9274
6.51131
2.99791
10.9667
16.893
20.0451
21.7503
19.5815
3.63101
5.92932
19.2628
4.2682
2.81409
62.1582
7.07801
25.6396
2.16188
46.0935
3.04654
9.28532
