-------------------------tcas
14.1656
191.295
95.2507
81.0399
129.781
14.2916
279.921
60.7759
101.25
41.2198
108.653
79.1663
2.94738
9.49211
4.56657
153.949
35.7898
8.27441
3.57531
40.5587
7.51704
12.9781
3.01834
9.84402
4.50346
18.89
9.22554
4.64568
6.80693
2.6142
8.48146
3.55701
4.85971
4.28394
8.77867
8.6605
6.80696
11.7371
72.2771
12.578
3.9863
40.0096
7.86022
96.7612
86.1291
36.9516
89.9874
5.17785
2.49423
8.67962
3.73206
2.96585
4.39285
8.54571
8.84484
6.22463
3.71952
2.47056
16.7695
6.66257
20.3856
6.45123
32.9709
10.5685
24.2452
22.4204
179.581
14.3874
3.55631
158.066
5.87413
10.0849
30.016
21.3225
31.6633
5.39051
7.58518
2.6601
2.28777
4.86707
6.21595
6.40815
2.91213
10.3028
3.6217
3.0002
11.1343
2.49726
6.31728
4.88241
4.6001
6.93946
3.2849
3.20751
3.88001
4.37681
2.42038
4.83002
6.31185
5.45759
15.7336
2.88185
2.76857
2.7084
3.82316
5.58641
5.4447
3.56237
3.44211
2.81197
6.39358
6.19144
3.36869
3.1133
3.77014
6.92876
8.28515
4.94278
5.85497
5.12755
14.7205
6.19026
3.36199
3.43624
3.86502
19.2668
7.87922
4.44107
5.98955
5.43299
15.6957
3.28338
6.84631
7.14796
2.77956
3.29495
3.85779
3.36571
4.84326
2.54808
3.03615
11.0676
10.982
5.08191
2.27161
7.06054
4.10639
3.29632
11.1076
10.9985
5.12293
2.43782
4.26217
3.38473
4.09262
3.70545
2.9146
6.51729
6.59617
6.20954
3.73857
3.18607
3.97928
19.9814
8.06792
4.17652
6.20477
5.53749
16.0741
2.31126
2.1458
2.73464
4.47174
5.34666
4.86913
2.5324
3.39616
2.86031
5.82466
2.93653
2.60553
2.82563
4.21466
2.75788
2.09175
2.8494
5.88058
2.80947
7.45634
225.771
132.134
116.186
160.499
254.819
100.134
189.74
107.446
142.948
106.566
268.422
2.62526
77.5612
31.4406
7.52355
8.33645
49.7475
49.4404
2.81851
24.3163
31.5634
7.51627
8.76521
17.1807
319.331
15.0687
55.7875
5.84819
19.7802
5.29862
19.6392
3.44566
6.89947
36.4988
129.699
10.0405
40.7135
5.50359
325.288
3.3493
7.26907
10.9894
6.05047
3.03364
14.1959
5.86415
8.73978
2.55672
11.5227
2.93909
2.49355
79.3855
31.6541
7.42231
8.9392
50.1152
16.5393
126.184
10.4209
5.42868
265.187
3.28935
6.93299
71.5836
2.60302
80.7677
39.779
16.1884
8.69182
4.77827
99.8547
16.1377
15.5145
21.0113
85.365
78.6416
61.6616
239.923
93.9029
291.547
4.86216
198.049
1.22812
6.41457
2.0172
1.86421
4.16402
1.87809
1.87847
2.28707
1.27786
2.25602
2.19239
11.6702
4.03479
1.22068
3.01524
4.24827
1.74787
2.81119
2.08515
1.23961
1.24945
1.51884
5.69632
20.5271
2.57616
1.41342
23.0624
13.9988
2.89772
6.37028
6.47729
4.2608
13.4533
27.5795
8.10862
12.9361
6.32537
4.84796
3.9671
1.23814
1.5556
3.24311
1.1519
3.1554
1.91107
1.31159
1.35884
2.5158
2.26655
2.15862
2.02753
7.88476
1.27249
1.63221
2.12908
2.26442
5.11159
2.29759
64.0252
2.64151
55.4256
1.14154
5.5288
2.85749
3.06084
3.7102
1.64878
2.07315
2.2759
1.41638
3.08535
1.1456
3.19882
4.27168
2.01683
2.89185
2.08112
1.23248
1.16307
1.60029
28.54
5.39154
10.194
98.2657
31.3651
50.9096
9.31075
23.9889
4.2649
20.7953
16.9424
11.5905
23.7434
12.1604
8.19308
13.9722
8.49925
17.5751
15.2615
32.7073
7.28305
23.0204
2.87567
10.8517
7.84659
24.0395
11.8917
11.9313
86.2806
6.38171
22.056
3.03566
11.1215
7.65724
56.4573
11.5738
3.19202
2.1933
3.6279
5.48798
4.22495
2.06408
3.99757
2.15532
3.21996
3.37362
2.49187
3.02837
3.70247
2.17749
2.53779
2.26162
4.15618
2.68075
2.62639
7.64228
28.6546
3.14914
6.95074
73.0728
29.5738
8.02234
172.429
49.1281
30.7018
5.05516
9.755
92.7406
32.0179
40.8835
9.10656
24.4963
3.85982
2.20798
6.52547
4.7272
4.02596
4.64527
2.21697
3.35827
4.47325
3.36529
2.45627
39.5702
3.1256
11.4563
19.6732
36.38
7.88895
101.762
62.7745
3.94109
2.6431
9.9604
3.60798
2.39298
6.21055
3.33617
5.37141
2.1917
3.22548
3.0172
19.2033
18.3535
21.7223
12.8875
17.4766
6.14574
196.214
5.44383
23.9533
4.65529
12.0532
2.10424
3.4553
11.7203
5.6248
5.32276
5.47651
2.25213
7.16336
7.75435
10.6607
11.0301
5.45274
5.90224
2.02053
2.46254
5.25104
14.5578
3.08429
11.7816
35.235
15.9621
2.09167
9.44741
11.9072
25.9109
6.9114
128.896
4.2431
15.3635
2.35269
3.25799
9.36672
5.19947
2.16623
5.04661
2.31718
8.91678
6.82101
3.15106
3.41059
3.05145
8.45196
3.8193
9.1082
2.12548
8.45012
2.8741
4.96901
8.33056
6.85453
9.59485
2.36391
4.06255
8.77897
3.28356
4.13141
2.17563
3.40472
6.35437
14.8861
11.8641
20.1669
1.88737
7.97293
6.76063
2.79129
2.50186
7.92817
1.13196
2.91209
1.73261
3.25399
4.36333
1.81628
1.46684
4.2999
3.06558
1.77949
1.72621
1.60672
1.80201
1.20118
1.27111
2.36436
1.5204
4.4347
2.79309
1.76824
2.06463
1.93169
1.49975
2.6028
2.2798
1.86874
1.33484
1.9388
1.3157
1.93808
14.5368
7.72566
9.4062
30.009
96.5375
15.7246
10.3009
15.8438
16.9787
34.2004
76.8324
13.3148
45.5552
12.8016
3.70115
10.4411
5.7586
7.03443
2.08192
11.5027
5.0774
1.7206
1.79332
1.44781
6.85861
3.24471
1.14202
4.41326
1.28549
2.34747
2.37495
1.44689
5.28066
1.24146
2.804
3.33513
1.71275
13.457
22.0691
19.2954
2.76353
1.5394
4.25409
1.71424
1.63609
2.76657
1.91669
1.45591
1.42331
1.3359
1.60058
42.511
128.965
4.1678
2.97779
17.377
2.06217
4.67959
4.16919
3.42016
2.03953
3.31287
5.30824
4.61775
5.50349
2.47338
10.5734
3.21239
4.54596
3.5193
3.18971
10.7448
3.04647
5.02958
10.5223
3.04359
4.83741
4.90104
10.3795
13.2275
60.9989
5.15217
3.04089
2.67116
1.69816
3.11748
1.36316
1.79633
1.64417
1.94867
2.65864
1.75732
2.82274
2.45556
3.53301
7.72832
11.7697
10.4933
10.6648
12.8655
21.6583
3.33975
9.0803
1.50336
28.39
1.44308
2.53263
16.7297
1.81287
2.96371
8.57226
2.23993
2.63625
2.86758
2.21563
3.6272
2.0767
7.86515
1.8862
2.57552
1.87166
2.03861
2.61287
2.82686
3.44418
1.68595
1.7164
2.65867
2.1107
2.61146
2.11774
1.86717
1.82948
5.25291
3.7415
2.61074
5.21764
4.18168
2.43221
1.85164
3.16955
2.8543
4.72583
1.53087
45.8109
22.2759
134.272
11.488
14.8527
4.04662
122.756
8.81026
29.0184
44.5729
1.34916
2.77454
2.46047
5.66527
1.80945
3.42208
2.72985
2.0397
14.6123
10.1079
4.18786
4.86823
12.9578
417.474
105.349
208.678
24.7668
20.4612
3.35375
211.991
196.787
65.2362
50.6763
83.2225
51.1212
64.5639
68.8149
44.3921
77.5505
63.2986
24.7768
25.9119
60.5192
51.7816
6.41704
3.46008
9.48647
4.19758
10.32
4.87791
3.38326
3.35326
3.41666
4.25837
231.129
44.1097
361.827
512.062
162.135
260.365
8.41265
112.683
69.7093
51.1515
44.8251
3.65929
79.8022
49.379
22.4938
159.578
254.643
24.7199
25.2099
14.2728
10.5228
14.4733
17.8167
178.887
63.7601
48.8753
43.8473
12.6021
3.79154
3.06261
4.92095
6.02798
2.91264
2.9719
3.67323
4.92228
19.2479
7.34038
23.5138
2.9873
7.25377
35.535
19.8602
6.12831
9.03338
4.97907
3.8228
5.06637
17.6867
3.0844
4.5681
7.56479
3.0113
3.15984
7.97348
16.0029
18.5245
10.6106
3.20361
2.97305
2.83451
11.6733
10.7399
6.6525
2.96698
4.66723
5.59299
3.76686
10.3686
2.96274
2.91452
5.44697
2.91735
6.63382
3.05292
10.1094
3.69034
3.75355
9.92143
2.99934
3.27937
5.62533
3.1281
7.07641
2.98249
10.5568
3.39213
16.0355
10.0904
3.1428
2.9184
4.63158
3.23064
7.34794
3.59449
4.8026
9.6716
16.0425
3.59015
3.14886
5.18659
4.97559
2.77661
6.70806
3.53333
4.9519
9.42593
3.82006
3.65934
3.1313
2.83717
5.4946
3.04251
6.84342
3.79091
4.88367
3.55105
4.92848
3.01056
30.1937
8.07813
7.02709
3.30885
3.7946
3.26513
5.73641
12.0634
28.4552
23.6532
7.82328
9.92553
24.6557
40.7792
21.8627
13.1381
15.6022
12.5463
28.2688
43.9022
7.97113
10.3435
23.8281
40.5759
21.8317
12.827
19.0206
12.5387
36.5321
29.0846
8.01997
9.78799
24.3579
37.2651
22.1998
38.454
19.5335
12.4495
28.4056
28.8304
8.25997
10.6956
23.9641
36.291
22.7763
37.8885
18.801
1.70634
2.74643
6.65936
4.32543
3.94908
8.60679
4.20527
2.34553
3.21141
4.02345
13.926
11.0157
23.1027
6.22221
11.0552
33.8853
11.7564
5.58185
12.2423
4.01098
28.1027
14.4169
21.468
2.38522
34.4999
46.5755
2.20595
2.69925
34.4112
1.86334
3.05209
4.51744
3.44747
4.03662
2.862
9.10722
2.22421
4.44999
3.86207
1.77105
2.63783
4.94112
3.26029
4.16141
2.59419
26.1246
2.3926
3.5815
3.97432
5.40532
4.12806
6.42901
6.00344
4.02799
8.8502
2.39955
1.87832
5.03147
14.7883
77.245
11.7254
29.0302
115.703
30.3561
33.0677
34.843
20.0943
11.4637
64.8585
24.3737
97.7378
19.0532
60.3481
26.3955
3.71244
63.2838
54.5104
17.6541
64.2585
134.469
64.3509
8.24418
31.1146
16.5608
14.7802
13.49
33.1501
145.234
81.1833
48.8404
91.3099
5.38184
19.364
50.3214
21.4369
15.6418
40.4217
149.843
15.9395
5.69259
15.1591
45.2044
31.0032
17.6827
185.425
68.779
39.7422
62.2247
15.6598
5.85367
14.6789
44.4807
30.6777
124.526
9.14089
3.35259
4.45663
2.87875
14.4315
2.40879
3.11292
2.97683
8.74942
12.2975
9.94743
2.31529
11.3593
24.0191
11.5992
12.1779
4.59095
15.5224
7.08337
21.4392
51.541
4.38277
31.2287
5.23027
74.2341
4.6469
11.5077
3.77953
56.8745
6.8895
41.5954
2.14832
2.61863
2.45328
4.95298
2.2962
9.1923
3.55106
5.67228
2.27773
3.07475
10.6322
2.33931
11.4923
21.0125
10.5177
12.0992
4.48494
15.3889
6.66381
275.911
2.99682
3.52657
2.79871
3.40807
3.11975
2.58019
2.81022
2.97684
7.02859
2.60145
4.32378
31.1481
4.99745
71.8994
3.88489
12.9778
4.32847
53.577
7.16065
38.0004
3.70911
8.84743
5.0343
3.42335
4.87123
3.22105
6.49745
4.03758
10.215
18.3762
3.45281
2.94055
4.83823
5.47203
10.3254
2.76574
3.35935
2.49189
3.43492
6.18067
8.16489
8.82321
19.709
51.3433
9.70713
3.39338
29.836
18.1012
317.989
32.3268
265.968
19.2148
8.04064
65.7025
19.1693
31.9274
17.6443
2.3406
21.5885
6.3602
15.9995
13.855
12.5921
12.0786
5.67059
2.61469
2.35793
32.8177
31.2523
11.8324
7.5286
74.7392
43.4787
20.637
17.5349
20.649
7.75586
45.1886
90.4632
28.5413
12.7622
82.2177
35.9419
59.6184
8.35553
10.6643
78.9357
58.9652
130.875
80.8845
13.5782
38.6216
84.215
16.6645
12.9813
77.9836
4.72305
6.17724
3.98647
2.61526
3.91873
6.23287
13.2359
3.98131
3.13573
3.07527
27.5906
14.2477
39.4491
16.2062
13.5945
63.9278
32.1037
13.7059
43.6315
93.8578
24.8718
36.291
4.49788
14.6055
4.7186
4.72745
2.47861
9.13991
11.7777
2.3539
10.8938
7.63607
15.146
33.0935
7.2813
196.992
12.0148
6.50842
41.3027
30.6334
6.28836
20.0023
6.93144
64.1568
5.31401
3.03681
7.62594
3.90735
4.01339
4.10876
3.40418
3.55103
4.36951
3.75668
3.4821
3.28607
6.60438
3.22495
6.68164
32.9535
9.0013
44.7566
138.79
23.5851
99.8812
30.8018
322.806
7.39023
47.8626
101.475
86.4332
8.35363
5.23867
8.209
12.2555
2.88413
2.72061
6.32028
2.49631
11.3392
9.11433
6.11566
197.948
114.558
4.33953
5.79932
10.5377
2.9359
2.4903
3.09737
7.15332
2.91252
4.58389
7.54732
33.0269
37.4027
43.4869
30.1407
189.532
32.0015
58.1108
9.72725
28.8113
5.17901
50.6002
38.4057
3.05293
2.3883
6.8634
15.4525
13.3366
25.4241
7.00739
8.70145
10.9794
4.90602
40.0544
3.96679
56.9689
27.9812
14.4367
103.612
13.8025
134.375
342.84
143.141
45.2635
14.6208
42.1815
119.765
22.8687
12.003
76.0195
17.203
56.2269
28.1291
14.124
238.8
166.377
101.968
245.237
300.038
22.5745
14.1467
5.99177
21.6705
77.9905
21.1716
6.083
20.9084
10.5716
30.2561
23.8056
158.446
88.9951
14.6859
25.3049
53.1673
5.93344
22.034
64.2034
5.00917
13.9984
9.07709
86.4234
18.2511
67.6974
184.934
164.618
43.3493
131.736
227.302
370.727
67.4448
172.606
215.898
266.547
55.87
29.6477
14.322
214.94
59.5078
288.259
80.9565
48.093
20.3554
2.34872
1.39239
1.41184
1.38249
1.94295
1.39947
1.45143
2.76576
2.0492
2.93723
3.33615
2.00187
1.59238
1.34504
2.25792
1.17388
1.81155
1.77012
1.32532
1.2341
2.34941
1.84439
1.52384
1.28584
2.30231
1.14075
2.56223
1.10364
1.06322
1.20659
2.20872
6.279
1.73716
1.3292
3.97979
5.15516
5.55288
1.0962
1.04727
1.21781
2.5134
1.77459
1.62547
1.21929
2.15448
1.21565
2.18533
1.11876
1.09677
1.22297
2.63432
2.02418
2.01329
1.56216
2.32524
3.39828
2.16602
1.42062
1.19035
1.25055
2.42905
2.01109
2.32087
1.39411
2.24041
1.38749
1.75659
1.58036
1.8152
1.45098
5.53078
2.06743
1.42894
1.40479
3.31993
1.35077
1.7659
1.9214
2.50876
1.32392
5.94806
2.13363
2.21756
1.46338
3.25556
1.31716
1.94969
1.66386
2.52931
1.60083
3.12069
11.3972
11.6249
3.72754
8.25628
8.42718
2.8508
9.2638
13.6032
2.38908
1.99734
3.75641
3.92829
2.82459
2.74803
4.29781
3.55807
2.04302
6.03947
2.18432
1.90024
2.2586
2.60811
2.75044
2.38073
2.29352
4.39284
2.28949
5.5012
3.22945
11.351
6.4531
7.09688
3.30772
5.34406
4.28561
7.72802
3.27851
6.38919
4.24403
3.32548
5.11043
3.12671
6.14624
5.77941
5.75247
3.09191
7.841
5.31952
19.683
2.34766
3.54405
2.72867
4.06982
3.35055
3.64612
2.48435
3.69844
6.45511
5.61509
2.69733
2.51059
2.77107
2.23861
2.53107
2.41969
39.7311
1.87216
1.99515
2.87469
2.49493
2.18128
2.13088
7.00338
21.9923
81.0932
5.2554
2.73854
6.16553
36.5657
2.78059
11.021
5.28952
3.05709
3.46236
5.65067
11.5892
3.43532
6.72716
10.1933
2.25063
4.055
3.4463
2.80536
15.3335
15.2477
4.22597
4.57104
1.86539
26.1722
2.09851
5.46526
6.23153
2.35696
3.89866
6.06504
5.88179
3.57905
3.89927
3.74784
2.32652
13.1988
4.88086
10.4817
4.07026
6.18178
28.0205
29.5996
23.5358
62.1911
39.8836
7.49451
7.64377
52.8575
11.1245
83.4306
6.35845
34.3531
13.9304
69.9542
2.56551
4.13898
2.47428
39.3587
2.34722
6.48616
3.82323
2.43921
3.87607
6.7516
31.5774
23.5477
14.9107
24.4931
33.3919
24.906
4.97594
98.5977
23.381
11.252
2.34214
20.5557
72.4409
20.8384
3.86941
3.89141
47.6621
13.1899
4.49159
7.16417
3.00147
3.22994
7.53969
2.69968
3.27751
1.86283
6.40258
2.34501
2.18002
55.7983
31.5036
8.5866
19.5208
28.3164
7.79124
2.12061
2.67952
13.2368
16.6933
29.5742
16.8266
5.94919
17.4733
12.2587
5.71637
6.65539
2.83146
6.4089
4.8651
4.41783
8.28672
9.54893
3.11402
5.54475
2.00902
5.80491
3.01249
8.73701
5.60198
9.48309
7.40544
13.5396
3.88801
26.7219
6.85107
7.75553
59.8031
7.98969
21.213
16.7524
18.5544
6.12528
6.71301
11.9037
10.961
2.00344
1.73997
3.08424
1.66303
1.97329
1.38347
2.49806
1.31548
2.99806
1.52292
8.38918
20.7437
11.1663
6.80782
54.2161
6.0139
9.70256
2.97422
1.69029
3.16662
1.6148
1.76019
2.36703
1.17591
1.17705
2.6522
1.24704
8.18069
3.13876
3.78023
2.43895
3.20212
2.34257
3.56284
1.13968
4.68669
2.99493
2.00222
2.60272
1.78361
1.3142
3.44502
2.37607
3.06181
1.30618
4.10623
1.439
2.02095
1.57385
1.85755
1.3848
1.32547
1.60273
1.28614
1.26757
4.83169
1.49281
3.78675
1.67368
2.28854
2.46362
2.81646
1.33397
2.11201
3.46145
5.22235
1.48024
3.22745
12.7741
4.20731
2.40843
1.87384
2.71298
10.0902
1.30664
4.58871
2.5908
3.24159
2.85318
1.8411
1.23161
4.08627
2.91554
4.19235
1.41957
3.96234
3.46934
3.93578
3.04491
1.71698
1.79483
3.37953
1.37978
2.91059
2.4579
2.92236
3.46234
2.58874
1.86683
20.5016
5.51004
1.52754
1.99361
1.75672
1.45031
5.85214
4.67817
4.33742
1.3755
1.99947
1.54853
1.91331
1.74302
1.3488
1.96849
5.9658
4.62057
4.78074
1.338
2.19681
3.45102
1.76067
4.27359
2.98787
2.33677
2.40078
3.49617
2.2041
1.5891
1.38052
3.73944
32.1568
27.1072
1.74666
50.5345
20.2667
9.56442
27.1376
6.19985
4.72745
2.03544
1.56422
1.3279
1.81143
5.93495
4.27492
4.79759
1.30226
3.12358
1.52384
2.1339
1.97112
1.46395
4.14224
4.26937
4.14091
2.19158
2.04974
1.57981
8.48268
3.34845
1.30761
4.25541
-------------------------replace
14.8639
5.42283
9.29657
37.9047
48.2906
28.7994
333.029
5.29468
172.887
3.9965
3.00202
6.1818
3.17329
3.38215
2.92834
3.05456
2.58818
4.79943
4.92242
3.3578
3.22013
6.62867
3.60137
3.20706
4.24951
3.88396
4.48876
28.4539
3.46444
3.30869
5.46364
3.46487
2.71478
7.85155
5.05284
5.27703
27.6564
3.69532
3.64318
7.04528
3.0677
3.69393
3.42829
5.0175
31.2911
5.15764
60.7088
21.4617
56.5343
100.083
247.529
64.2923
8.70114
83.8607
81.4138
105.789
4.81195
128.772
1363.17
770.542
256.804
266.474
34.6414
271.97
201.617
841.318
60.3802
337.445
144.825
144.674
451.174
74.684
70.5835
50.0871
356.527
160.946
312.39
423.187
325.056
61.3909
50.9762
167.387
70.8135
126.078
3.98663
3.61971
109.573
46.0732
10.2402
70.715
50.2332
154.526
50.2521
188.261
48.6705
4.65362
111.309
64.4186
11.7043
195.116
23.9189
3.7096
207.781
141.004
473.322
561.443
203.371
2212.51
1042.58
765.135
1301.82
1376.73
3491.36
2016.72
597.966
271.626
284.469
190.136
842.838
456.226
4230.72
1250.46
40.4738
449.126
4776.66
4132.17
296.976
6425.03
1914.4
416.855
980.613
477.3
196.862
852.642
115.965
3349.78
757.082
1872.23
1366.38
2461.33
2001.75
588.846
1662.63
3369.53
2208.09
43.1557
1326.58
791.428
186.936
101.575
497.776
723.334
417.327
140.337
1262.13
147.163
659.371
1386.07
303.522
16.1946
572.404
567.856
25.5237
585.772
31.6208
859.54
2035.48
102.892
2593.02
1962.55
2725.1
617.696
1131.45
357.739
482.791
8.85514
113.802
1040.03
172.373
508.291
1083.14
13.7869
69.0734
130.021
1007.05
117.502
87.4764
277.453
714.327
967.046
100.251
40.1659
140.877
27.6078
15.7865
3.45669
229.721
422.38
97.0258
480.499
86.2167
123.124
62.4685
135.955
1747.89
45.6494
182.164
133.633
43.8646
42.2918
125.362
468.979
22.3245
11.7377
3.44563
343.563
373.251
95.7924
394.069
86.2454
133.961
35.7153
120.239
832.544
42.8111
1009.66
130.909
45.9088
43.1187
91.5685
12.1493
68.72
1.76174
4.62241
127.234
10.08
43.9471
87.0192
85.4883
182.078
39.372
114.087
437.611
15.0882
49.4849
583.894
558.925
151.459
43.1963
134.528
472.576
25.5558
73.7546
84.2258
591.353
850.627
100.739
747.163
7.69773
85.4594
4.25495
41.4913
1.90372
4.42626
53.621
5.39686
9.28551
48.1831
214.953
704.484
1073.69
45.8871
3.4082
52.7045
116.237
951.888
94.9089
4.23043
7.33299
8.70196
203.297
6.95782
71.6994
97.25
94.4717
13.7199
3.98036
5.06748
7.46665
73.2085
6.88276
9.57634
19.9938
6.77995
91.4506
4.10071
17.7409
3.10356
90.4288
8.9012
8.72885
92.8845
3.46494
12.7146
4.1661
84.5283
3.10412
81.3536
6.85543
8.68783
89.6464
3.43089
112.846
24.1056
7.41519
7.41506
14.2855
89.3847
180.739
94.3057
16.5715
71.8992
39.375
5.17378
10.2498
11.4982
14.8284
5.28986
51.9588
4.97861
8.65753
4.16276
63.4047
6.41415
91.1921
8.8234
8.73095
7.50718
3.4175
87.869
4.19904
99.5467
75.4344
136.68
1139.28
8.64353
98.5617
262.035
5.43844
4.19932
6.40685
15.8638
146.277
165.688
8.67234
175.496
3.59673
4.15179
4.38112
5.0631
67.592
5.32758
2.87074
7.96682
3.10086
3.40311
6.51199
4.24652
4.92763
3.08682
15.7873
4.13932
3.08037
36.7098
2.56316
3.09437
2.73747
54.1758
4.13246
4.77212
3.94881
3.30986
8.21152
3.60198
3.23172
2.46439
5.28583
3.67273
4.78302
2.94279
2.8414
3.22533
3.41611
3.43556
9.18272
3.08315
2.88276
6.58524
25.1234
7.3813
4.4099
4.06435
7.64038
4.60566
3.00188
3.55772
5.18347
4.55392
5.87869
3.15391
2.99311
3.1341
8.61582
4.01791
3.89751
4.92345
34.638
2.98646
3.53671
29.8459
8.77637
3.72608
7.22703
3.55787
4.29835
2.97412
2.94964
3.45502
4.72424
4.21319
2.69546
2.95761
3.1987
-------------------------pt2
87.8941
1165.0
359.735
72.5655
633.241
315.901
305.199
23.8909
753.803
41.8758
60.1615
220.812
109.799
146.701
17.5693
181.012
499.897
727.742
477.918
83.4934
293.309
945.401
1235.73
178.043
16.9865
258.744
38.9138
197.311
99.2036
1114.66
359.73
83.7679
1111.22
176.555
396.747
55.7642
245.764
32.3722
1695.24
329.588
276.026
151.846
460.88
86.1356
47.5775
21.6029
126.204
23.6441
1446.21
406.362
178.035
527.518
10.0582
9.46538
24.7443
20.6099
34.3356
12.2091
8.11604
8.89135
68.595
17.0046
76.4069
9.30538
29.6153
21.1021
7.76871
10.8252
15.6862
50.3506
114.968
19.0045
7.79963
16.4774
49.1756
52.697
8.91042
43.6384
43.4239
54.7078
18.0919
100.081
8.84152
18.5525
46.8032
52.3028
9.17629
38.8431
44.2183
54.746
17.9355
29.932
53.0278
10.7903
48.4619
19.5467
71.4439
9.09893
16.0191
44.631
237.613
41.1757
7.99925
18.982
6.36668
50.6734
9.67543
39.2678
44.3396
53.5346
20.62
90.9044
7.50922
18.6891
46.7403
51.0703
8.1805
34.2892
44.5328
53.7905
19.4483
85.2576
10.1276
19.0508
9.33262
18.3441
79.5824
12.5519
115.084
11.8609
134.134
18.3211
8.05173
8.76464
46.8256
53.7523
9.21767
38.7109
43.5938
55.9932
20.4839
101.315
10.2778
51.8653
9.58967
52.8093
15.3363
5.90792
16.9139
9.72683
144.888
20.1135
26.6365
7.53961
41.5323
138.237
108.42
51.932
22.0365
181.434
29.8248
9.65889
36.4656
254.617
248.051
5.8544
108.996
46.4049
54.595
231.35
27.6932
60.9556
23.5311
9.63766
32.5548
6.71644
9.92394
23.0513
213.809
11.2127
69.7841
440.974
441.977
260.757
1023.03
75.3074
8.3658
11.7705
689.851
-------------------------schedule
738.299
1037.71
1051.57
177.975
136.381
38.8952
233.576
913.283
37.1449
175.173
109.153
251.048
1118.97
719.791
648.801
34.7952
404.457
76.5361
3.66623
3.17686
3.764
60.0954
3.51655
3.46741
3.49023
249.981
3.64337
3.75573
66.2826
43.9201
42.0741
5.33307
164.387
33.1244
4.11828
2.99355
5.2268
4.63613
2.5193
21.6428
33.7775
4.62841
13.7585
169.091
59.0834
9.23151
7.24715
6.95692
98.7007
81.8483
3.8058
9.42352
74.8518
5.14789
64.5552
111.744
4.14018
4.17607
3.09079
3.21635
3.20915
3.31173
3.06665
18.9188
18.5271
2.7026
19.3829
5.36059
5.78258
3.15579
19.9773
13.6379
2.61127
3.71689
2.93333
2.76517
35.2863
2.92144
11.4025
23.0531
46.4942
16.3311
26.2789
6.48988
13.9283
3.07231
6.07956
4.15088
3.85472
14.213
2.75721
3.2512
-------------------------schedule2
30.323
9.57621
4.54404
4.44555
13.9527
4.51009
4.33585
3.58711
16.6017
4.91089
16.355
15.2995
55.1272
10.5028
43.2329
4.01723
8.38414
33.642
3.63813
6.18456
11.2726
71.6067
13.6857
107.308
18.4264
13.605
101.168
33.8035
3.60422
25.7859
32.8863
10.0693
52.0053
32.5465
5.66469
4.05465
10.5442
14.1333
8.23772
7.0889
41.2657
3.41722
4.12979
10.1083
14.7808
2.95709
3.64527
2.90597
2.67633
3.03112
5.55548
4.9668
10.7647
3.27827
12.1965
4.14338
29.4276
6.97941
6.72665
10.8718
16.5315
15.6604
7.92303
8.24159
3.21495
44.7691
214.984
28.7052
56.1034
76.3345
96.902
118.816
15.278
89.8208
4.3338
50.5148
10.0093
117.131
119.158
151.662
271.526
112.149
115.119
16.2838
5.06366
285.19
4.2225
220.561
68.3912
67.7101
12.6434
11.1204
35.691
88.0378
6.51314
5.0808
13.3065
32.4055
11.0941
4.24354
7.39172
9.24126
9.65499
3.22136
3.3186
2.7388
9.54374
57.499
10.7602
30.1308
26.7598
64.0037
28.6874
27.2714
51.5961
67.4806
316.361
105.707
26.0837
65.6363
6.36463
10.347
85.7927
9.3384
55.1634
3.21035
24.5741
76.4911
36.8159
60.7686
23.4722
33.4202
3.34055
7.17939
42.9598
2.98697
11.7733
25.6715
11.0001
16.5165
29.9528
5.75951
3.28485
23.5197
3.24519
3.48629
65.9582
4.98708
6.66738
3.25795
20.3529
4.69416
53.767
16.2292
5.39497
3.51187
9.91781
4.19465
3.59278
48.5061
161.069
7.54326
4.12022
3.17948
8.1897
10.3665
2.63625
3.72774
3.07322
2.74098
51.4325
38.5779
15.795
29.7098
23.0136
28.3439
9.65704
12.0913
3.96978
7.04864
5.71556
17.9416
10.5616
6.63101
2.70948
3.26492
3.4768
11.2011
3.19015
4.60774
3.00647
7.39873
23.4901
3.71345
3.64099
3.90414
12.9902
10.3498
3.55461
10.3372
7.89973
3.98004
7.06329
4.08867
7.40415
4.32433
4.89172
5.42793
4.098
5.34629
36.4737
20.5193
21.0024
20.8529
26.9765
3.81452
12.544
3.26799
20.0213
3.55778
8.75935
3.52925
3.2804
